              precision    recall  f1-score   support

           0     0.3125    0.0685    0.1124        73
           1     0.8942    0.7897    0.8387       214
           2     0.8091    0.6268    0.7063       852
           3     0.6709    0.6883    0.6795        77
           4     0.9479    0.9381    0.9430        97
           5     0.9116    0.9380    0.9246       242
           6     0.8413    0.7260    0.7794       146
           7     0.7595    0.7500    0.7547       160
           8     0.4524    0.5938    0.5135        32
           9     0.7636    0.7500    0.7568       336
          10     0.0000    0.0000    0.0000        13
          11     0.0000    0.0000    0.0000        14
          12     0.8901    0.6807    0.7714       119
          13     0.4833    0.5000    0.4915       116
          14     0.8384    0.8000    0.8187       415
          15     0.6765    0.7360    0.7050       125
          16     0.8810    0.8916    0.8862       249
          17     0.6490    0.8750    0.7452       112
          18     0.6955    0.8523    0.7660       528
          19     0.4195    0.8071    0.5521       197

    accuracy                         0.7452      4117
   macro avg     0.6448    0.6506    0.6373      4117
weighted avg     0.7577    0.7452    0.7424      4117
